// Monsters Additional Database
//
// Structure of Database :
// ID,Sprite_Name,kROName,iROName,LV,HP,SP,EXP,JEXP,Range1,ATK1,ATK2,DEF,MDEF,STR,AGI,VIT,INT,DEX,LUK,Range2,Range3,Scale,Race,Element,Mode,Speed,aDelay,aMotion,dMotion,MEXP,MVP1id,MVP1per,MVP2id,MVP2per,MVP3id,MVP3per,Drop1id,Drop1per,Drop2id,Drop2per,Drop3id,Drop3per,Drop4id,Drop4per,Drop5id,Drop5per,Drop6id,Drop6per,Drop7id,Drop7per,Drop8id,Drop8per,Drop9id,Drop9per,DropCardid,DropCardper

// rAthena Dev Team
//1900,VALARIS,Valaris,Valaris,99,668000,0,107250,37895,2,3220,4040,35,45,1,152,96,85,120,95,10,10,2,6,67,0x1973,100,1068,768,576,13000,608,1000,750,400,923,3800,1466,200,2256,200,2607,800,714,500,617,3000,984,4300,985,5600,0,0,0,0,4147,1
//1901,VALARIS_WORSHIPPER,Valaris's Worshipper,Valaris's Worshipper,50,8578,0,2706,1480,1,487,590,15,25,1,75,55,1,93,45,10,12,0,6,27,0x1685,100,868,480,120,0,0,0,0,0,0,0,923,500,984,63,1464,2,607,50,610,100,503,300,2405,50,0,0,0,0,4129,1
//1902,MC_CAMERI,MC Cameri,MC Cameri,99,668000,0,107250,37895,2,3220,4040,35,45,1,152,96,85,120,95,10,10,2,6,67,0x1973,100,1068,768,576,13000,608,1000,750,400,923,3800,1466,200,2256,200,2607,800,714,500,617,3000,984,4300,985,5600,0,0,0,0,4147,1
//1903,POKI,Poki#3,Poki#3,99,1349000,0,4093000,1526000,9,4892,9113,22,35,1,180,39,67,193,130,10,12,1,7,64,0x1973,120,500,672,480,92100,603,5500,617,3000,1723,1000,1228,100,1236,500,617,2500,1234,75,1237,125,1722,250,1724,100,1720,50,0,0,0,0
//1904,SENTRY,Sentry,Sentry,99,668000,0,107250,37895,2,3220,4040,35,45,1,152,96,85,120,95,10,10,2,6,67,0x1973,100,1068,768,576,13000,608,1000,750,400,923,3800,1466,200,2256,200,2607,800,714,500,617,3000,984,4300,985,5600,0,0,0,0,4147,1

// Custom Hollow Poring (overrrides/collides with META_ANDRE)
//1237,HOLLOW_PORING,Hollow Poring,Hollow Poring,1,50,0,2,1,1,7,10,0,5,1,1,1,0,6,30,10,12,1,3,21,0x83,400,1872,672,480,0,0,0,0,0,0,0,909,7000,1202,100,938,400,512,1000,713,1500,512,150,619,20,0,0,0,0,4001,10
// Custom Fire Poring. Warning, Colides with META_DENIRO
//1239,FIRE_PORING,Fire Poring,Fire Poring,1,50,0,2,1,1,7,10,0,5,1,1,1,1,6,30,10,12,1,3,21,0x131,400,1872,672,480,0,0,0,0,0,0,0,909,7000,1202,100,938,400,512,1000,713,1500,741,5,619,20,0,0,0,0,4001,20

// Lunar New Year 2008 Event Monster overrides
// Uncomment if event is enabled, as these drops modifications are nessecary.
//1145,MARTIN,Martin,Martin,18,1109,0,134,86,1,52,63,0,5,12,18,30,15,15,5,10,12,0,2,42,0x81,300,1480,480,480,0,0,0,0,0,0,0,1017,9000,1018,500,1251,10,2225,5,5009,1,10010,10,2224,15,7869,1500,0,0,4046,1
//1175,TAROU,Tarou,Tarou,11,284,0,57,28,1,34,45,0,0,1,20,11,10,24,5,10,12,0,2,27,0x91,150,1744,1044,684,0,0,0,0,0,0,0,1016,9000,919,3000,949,800,528,1000,701,2,7869,2500,0,0,0,0,0,0,4028,1
//1209,CRAMP,Cramp,Cramp,56,4720,0,2300,1513,1,395,465,0,5,1,85,35,5,65,60,10,12,0,2,45,0x3095,100,1000,500,1000,0,0,0,0,0,0,0,7007,4656,528,1000,726,80,746,110,568,250,510,70,984,95,7869,1500,0,0,4296,1

// iRO St. Patricks Day 2008 Event Monster overrides
// Uncomment if event is enabled, as these drops modifications are nessecary.
//1841,G_SNAKE_,Snake Lord's Minon,Snake Lord's Minon,15,471,0,72,48,1,46,55,0,0,1,15,15,10,35,5,10,12,1,2,22,0x81,200,1576,576,576,0,0,0,0,0,0,0,7915,1000,7916,100,7720,30,12715,7,0,0,0,0,0,0,0,0,0,0,0,0
//1842,G_ANACONDAQ_,Snake Lord's Minon,Snake Lord's Minon,23,1109,0,300,149,1,124,157,0,0,1,23,28,10,36,5,10,12,1,2,25,0x91,200,1576,576,576,0,0,0,0,0,0,0,7915,1000,7916,100,7720,30,12715,7,0,0,0,0,0,0,0,0,0,0,0,0
//1843,SIDE_WINDER_,Snake Lord's Minon,Snake Lord's Minon,43,4929,0,1996,993,1,240,320,5,10,38,43,40,15,115,20,10,12,1,2,25,0x3095,200,1576,576,576,0,0,0,0,0,0,0,7915,1000,7916,100,7720,30,12715,7,0,0,0,0,0,0,0,0,0,0,0,0
//1844,G_ISIS_,Snake Lord's Minon,Snake Lord's Minon,47,7003,0,3709,1550,1,423,507,10,35,38,65,43,50,66,15,10,12,2,6,27,0x3195,200,1384,768,336,0,0,0,0,0,0,0,7915,1000,7916,100,7720,30,12715,8,0,0,0,0,0,0,0,0,0,0,0,0

// iRO Christmas 2008 Event
// Uncomment if event is enabled, as these drops modifications are nessecary.
//1244,JAKK_XMAS,Christmas Jakk,Christmas Jakk,38,3581,0,1113,688,1,315,382,5,30,1,38,38,43,75,45,10,12,1,0,43,0x81,200,1180,480,648,0,0,0,0,0,0,0,529,1000,530,1000,14546,1000,14550,1000,7174,1000,7175,1000,6092,1000,12355,1250,0,0,0,0
//1245,GOBLINE_XMAS,Christmas Goblin,Christmas Goblin,25,1176,0,282,171,1,118,140,10,5,1,53,25,20,38,45,10,12,1,7,24,0x81,100,1120,620,240,0,0,0,0,0,0,0,529,1000,530,1000,14546,1000,14550,1000,7174,1000,7175,1000,6092,1000,12355,1250,0,0,0,0
//1246,COOKIE_XMAS,Christmas Cookie,Christmas Cookie,28,2090,0,461,284,1,140,170,0,50,1,24,30,53,45,100,10,12,0,7,46,0x91,400,1248,1248,240,0,0,0,0,0,0,0,529,1000,530,1000,14546,1000,14550,1000,7174,1000,7175,1000,6092,1000,12355,1250,0,0,0,0
//1247,ANTONIO,Antonio,Antonio,10,10,0,3,2,1,13,20,100,0,1,1,1,50,100,100,10,12,1,3,66,0xC1,100,720,720,432,0,0,0,0,0,0,0,604,500,12354,500,14550,500,5136,500,12132,500,12225,500,5811,500,0,0,0,0,4243,1

// iRO Halloween 2009 Event
// Uncomment if event is enabled. Uncomment the skills for Halloween Whisper in mob_skill_db2.
//3014,HALLOWEEN_WHISPER,Halloween Whisper,Halloween Whisper,1,800,0,0,0,1,10,13,0,45,1,51,14,0,60,0,10,12,0,6,68,0x81,150,1960,960,504,0,0,0,0,0,0,0,12396,150,6299,5335,0,0,0,0,0,0,0,0,0,0,0,0,0,0,0,0
//3015,HALLOWEEN_DARK_LORD,Halloween Dark Lord,Halloween Dark Lord,1,45,0,0,0,1,10,13,0,45,1,51,14,0,60,0,10,12,2,6,89,0x81,100,868,768,480,0,0,0,0,0,0,0,12396,800,12397,5335,0,0,0,0,0,0,0,0,0,0,0,0,0,0,0,0

// iRO Halloween 2008 Event
// Uncomment if event is enabled.
//3000,ZOMBIE,Zombie,Zombie,15,534,0,50,33,1,67,79,0,10,1,8,7,0,15,0,10,12,1,1,29,0x3885,400,2612,912,288,0,0,0,0,0,0,0,957,9000,724,5,938,1000,958,50,727,70,0,0,0,0,0,0,0,0,4038,1
//3001,GHOUL,Ghoul,Ghoul,40,5418,0,1088,622,1,420,500,5,20,1,20,29,0,45,20,10,12,1,1,49,0x3885,250,2456,912,504,0,0,0,0,0,0,0,958,6000,756,110,509,700,511,800,2609,60,934,150,1260,1,0,0,0,0,4110,1
//3002,ZOMBIE_MASTER,Zombie Master,Zombie Master,62,14211,0,7610,2826,1,824,1084,37,26,25,20,30,5,77,35,10,12,1,1,29,0x3695,175,2612,912,288,0,0,0,0,0,0,0,7071,4413,938,1500,958,1500,723,200,727,100,1260,1,2324,2,0,0,0,0,4274,1


// Lighthalzen Biolab F4
2221,RANDEL,Randel,Randel,141,478745,0,32367,24055,1,3055,4277,180,56,142,69,86,49,132,55,10,12,1,7,66,0x6283695,170,76,384,288,0,0,0,0,0,0,0,7345,3000,0,0,0,0,985,100,617,10,0,0,0,0,0,0,0,0,4572,1
2222,FLAMEL,Flamel,Flamel,141,316468,0,31166,21445,1,1074,1503,93,40,138,79,62,53,82,48,10,12,1,7,63,0x6283695,180,76,384,288,0,0,0,0,0,0,0,7345,3000,0,0,0,0,984,100,617,10,0,0,0,0,0,0,0,0,4570,1
2223,CELIA,Celia,Celia,141,253145,0,22107,19017,1,1612,2256,74,312,108,78,55,144,139,49,10,12,1,7,68,0x6283695,150,1152,384,288,0,0,0,0,0,0,0,7345,3000,0,0,0,0,985,100,0,0,0,0,0,0,0,0,0,0,4568,1
2224,CHEN,Chen,Chen,141,218721,2000,25684,19810,1,2501,3501,125,56,126,74,71,123,99,65,10,12,1,6,81,0x6283695,180,1152,384,288,0,0,0,0,0,0,0,7347,2000,0,0,0,0,984,100,617,10,0,0,0,0,0,0,0,0,4569,1
2225,GERTIE,Gertie,Gertie,141,266926,0,24267,20233,1,3684,5157,108,10,145,87,59,67,127,76,10,12,1,6,85,0x6283695,180,76,384,288,0,0,0,0,0,0,0,7347,2000,0,0,0,0,985,100,617,10,0,0,0,0,0,0,0,0,4571,1
2226,ALPHOCCIO,Alphoccio,Alphoccio,142,256202,0,22192,20322,1,1273,1782,84,15,121,126,67,80,165,42,10,12,1,7,64,0x6283695,180,76,384,288,0,0,0,0,0,0,0,7347,2000,0,0,0,0,984,100,617,10,0,0,0,0,0,0,0,0,4567,1
2227,TRENTINI,Trentini,Trentini,142,204962,0,15995,13248,1,1070,1498,70,12,121,126,67,80,165,42,10,12,1,7,64,0x6283695,180,76,384,288,0,0,0,0,0,0,0,7347,2000,0,0,0,0,985,100,0,0,0,0,0,0,0,0,0,0,4573,1
2228,G_RANDEL,Paladin Randel,Paladin Randel,160,3870000,0,18000,10000,1,3055,4277,667,151,303,165,181,110,178,66,10,12,1,7,86,0x6203695,100,76,384,288,0,0,0,0,0,0,0,6224,100,617,10,0,0,0,0,0,0,0,0,0,0,0,0,0,0,0,0
2229,G_FLAMEL,Creator Flamel,Creator Flamel,160,2230000,0,18000,10000,1,1074,1503,253,133,275,148,156,72,177,60,10,12,1,7,83,0x6203695,100,76,384,288,0,0,0,0,0,0,0,6223,100,617,10,0,0,0,0,0,0,0,0,0,0,0,0,0,0,0,0
2230,G_CELIA,Professor Celia,Professor Celia,160,1847804,0,18000,10000,1,1612,2256,201,543,165,190,142,236,199,93,10,12,1,7,88,0x6203695,150,1152,384,288,0,0,0,0,0,0,0,6224,100,617,10,0,0,0,0,0,0,0,0,0,0,0,0,0,0,0,0
2231,G_CHEN,Champion Chen,Champion Chen,160,2249350,5000,18000,10000,1,2501,3501,216,134,172,150,164,203,155,88,10,12,1,6,81,0x6203695,125,1152,384,288,0,0,0,0,0,0,0,6223,100,617,10,0,0,0,0,0,0,0,0,0,0,0,0,0,0,0,0
2232,G_GERTIE,Stalker Gertie,Stalker Gertie,160,2057279,0,18000,10000,1,3684,5157,251,107,211,181,114,83,225,60,10,12,1,6,85,0x6203695,100,76,384,288,0,0,0,0,0,0,0,6224,100,617,10,0,0,0,0,0,0,0,0,0,0,0,0,0,0,0,0
2233,G_ALPHOCCIO,Clown Alphoccio,Clown Alphoccio,160,1894278,0,18000,10000,1,1273,1782,201,109,176,258,155,132,309,95,10,12,1,7,84,0x6203695,100,76,384,288,0,0,0,0,0,0,0,6223,100,617,10,0,0,0,0,0,0,0,0,0,0,0,0,0,0,0,0
2234,G_TRENTINI,Gypsy Trentini,Gypsy Trentini,160,1894278,0,18000,10000,1,1070,1498,181,112,176,258,155,132,309,95,10,12,1,7,84,0x6203695,100,76,384,288,0,0,0,0,0,0,0,6224,100,617,10,0,0,0,0,0,0,0,0,0,0,0,0,0,0,0,0
2235,B_RANDEL,Paladin Randel,Paladin Randel,160,6870000,0,4621500,2664000,1,3055,4277,667,151,303,165,181,110,178,66,10,12,1,7,86,0x6283695,100,76,384,288,2310750,617,5500,603,2250,732,450,0,0,0,0,616,9000,6224,9000,0,0,0,0,0,0,0,0,0,0,4565,1
2236,B_FLAMEL,Creator Flamel,Creator Flamel,160,4230000,0,5223570,2630354,1,1074,1503,253,133,275,148,156,72,177,60,10,12,1,7,83,0x6283695,100,76,384,288,2611785,617,5500,603,2250,732,450,0,0,0,0,616,9000,6223,9000,0,0,0,0,0,0,0,0,0,0,4563,1
2237,B_CELIA,Professor Celia,Professor Celia,160,3847804,0,5027308,2509792,1,1612,2256,201,543,165,190,142,236,199,93,10,12,1,7,88,0x6283695,150,1152,384,288,2513654,617,5500,603,2250,732,450,0,0,0,0,616,9000,6224,9000,0,0,0,0,0,0,0,0,0,0,4561,1
2238,B_CHEN,Champion Chen,Champion Chen,160,4249350,5000,5113568,2934974,1,2501,3501,216,134,172,150,164,203,155,88,10,12,1,6,81,0x6283695,125,1152,384,288,2556784,617,5500,603,2250,732,450,0,0,0,0,616,9000,6223,9000,0,0,0,0,0,0,0,0,0,0,4562,1
2239,B_GERTIE,Stalker Gertie,Stalker Gertie,160,4057279,0,4420698,2691274,1,3684,5157,251,107,211,181,114,83,225,60,10,12,1,6,85,0x6283695,100,76,384,288,2210349,617,5500,603,2250,732,450,0,0,0,0,616,9000,6224,9000,0,0,0,0,0,0,0,0,0,0,4564,1
2240,B_ALPHOCCIO,Clown Alphoccio,Clown Alphoccio,160,3894278,0,4226036,2468972,1,1273,1782,201,109,176,258,155,132,309,95,10,12,1,7,84,0x6283695,100,76,384,288,2113018,617,5500,603,2250,732,450,0,0,0,0,616,9000,6223,9000,0,0,0,0,0,0,0,0,0,0,4560,1
2241,B_TRENTINI,Gypsy Trentini,Gypsy Trentini,160,3894278,0,4463758,2563096,1,1070,1498,181,112,176,258,155,132,309,95,10,12,1,7,84,0x6283695,100,76,384,288,2231879,0,0,0,0,0,0,0,0,0,0,616,9000,6224,9000,0,0,0,0,0,0,0,0,0,0,4566,1

1805,B_SEYREN,Lord Knight Kira,Lord Knight Kira,99,1647590,0,4835600,1569970,1,7238,11040,72,37,120,110,81,65,130,52,10,12,1,7,83,0x6283695,100,76,384,288,2417800,617,5500,603,5000,732,2000,1132,2500,2342,3500,2412,9000,1470,3500,1469,3000,1166,2500,1415,1500,0,0,0,0,41073,1
1806,B_EREMES,Assassin Cross Tyga,Assassin Cross Tyga,99,1411230,0,4083400,1592380,1,4189,8289,37,39,90,181,62,37,122,60,10,12,1,7,85,0x6283695,100,76,384,288,2041700,617,5500,603,5000,732,2000,1234,1500,1230,1500,2319,9000,1233,3500,1232,3500,1265,3500,13002,3500,0,0,0,0,41074,1
1807,B_HARWORD,Whitesmith Mosuke,Whitesmith Mosuke,99,1460000,0,4002340,1421000,1,7822,8251,66,36,100,73,112,35,136,60,10,12,1,7,82,0x6283695,100,76,384,288,2001170,617,5500,603,5000,732,2000,1138,3500,1140,2500,2318,9000,1365,3500,1364,3500,1369,2500,1368,3500,0,0,0,0,41075,1
1808,B_MAGALETA,High Priest Caliah,High Priest Caliah,99,1092910,0,4257000,1318800,1,4688,5580,35,78,1,84,64,182,92,100,10,12,1,7,86,0x6283695,125,1152,384,288,2128500,617,5500,603,5000,732,2000,1814,3500,2615,2500,2513,9000,1557,3500,1527,3500,1528,2500,1560,3500,0,0,0,0,41076,1
1809,B_SHECIL,Sniper Sinon,Sniper Sinon,99,1349000,0,4093000,1526000,14,4892,9113,22,35,1,180,39,67,193,130,10,12,1,7,84,0x6283695,100,76,384,288,2046500,617,5500,603,5000,1723,2000,1228,20,1236,3500,617,9000,1234,1500,1237,3500,1720,1500,1724,2500,0,0,0,0,41078,1
1810,B_KATRINN,High Wizard Lucy,High Wizard Lucy,99,1069920,0,4008200,1636700,1,1197,4394,10,88,1,89,42,223,128,93,10,12,1,7,68,0x6283695,150,1152,384,288,2004100,617,5500,603,5000,732,2000,1241,3500,1242,3500,2616,9000,2343,2500,2513,2500,1618,3000,2319,3500,0,0,0,0,41077,1


// MONSTER ARENA MAIN BOSS
3173,Blazing Moonlight,Blazing Moonlight,Blazing Moonlight,99,3000000,0,3154321,3114520,3,13530,17000,40,50,120,180,25,190,199,50,10,12,2,0,83,0x6283695,130,212,384,360,1577160,617,5500,603,5000,616,2000,994,10000,2677,3000,2678,200,2679,200,1471,2000,1133,2000,2345,100,0,0,0,0,4430,1
3332,Dark Vampire,Dark Vampire,Dark Vampire,85,4000000,0,120157,38870,3,13530,17000,45,76,1,95,90,87,85,100,10,12,2,6,87,0x6283695,145,1290,1140,576,60078,607,5500,732,5000,522,5000,607,4700,1473,5,1722,5,2507,15,2621,4,1557,4,0,0,0,0,0,0,4134,1
20570,Lightning Guard,Lightning Guard,Lightning Guard,99,5000000,0,4835600,1569970,1,13530,17000,72,37,120,110,81,65,130,52,10,12,1,7,83,0x6283695,100,76,384,288,2417800,617,5500,603,5000,732,2000,1132,2500,2342,3500,2412,9000,1470,3500,1469,3000,1166,2500,1415,1500,0,0,0,0,4357,1
3347,Lilith,Lilith,Lilith,99,3349000,0,3500000,1526000,14,13530,17000,22,35,1,180,39,67,193,130,10,12,1,7,84,0x6283695,100,76,384,288,2046500,617,5500,603,5000,1723,2000,1228,3500,1236,3500,617,9000,1234,1500,1237,3500,1720,1500,1724,2500,0,0,0,0,4367,1
20575,Hollow Crow,Hollow Crow,Hollow Crow,117,4500000,0,4800000,3900000,2,13530,17000,60,75,1,34,62,236,188,34,10,12,2,9,87,0x6283695,150,1596,1620,864,2400000,617,5500,617,5000,616,2000,6091,5000,7444,5000,2610,5000,1484,500,1170,500,1417,500,2554,2000,0,0,0,0,0,0
20577,Envy,Envy,Envy,99,1500000,0,6008200,1636700,1,13530,17000,10,88,1,89,42,223,128,93,10,12,1,7,68,0x6283695,150,1152,384,288,2004100,617,5500,603,5000,732,2000,1241,3500,1242,3500,2616,9000,2343,2500,2513,2500,1618,3000,2319,3500,0,0,0,0,4365,1

// MONSTER ARENA PORING
2538,KING_PORING,King Poring,King Poring,99,500,1,0,0,0,0,0,160,5,1,1,1,1,999,1,10,12,1,3,21,0x170083,400,1872,672,480,0,0,0,0,0,0,0,0,0,0,0,0,0,0,0,0,0,0,0,0,0,0,0,0,0,969,20
20583,Cowring,Cowring,Cowring,88,150000,0,310,188,1,3000,6000,10,0,1,300,55,300,500,25,10,12,2,2,22,0x91,300,1260,192,192,0,0,0,0,0,0,0,948,9000,2289,5,919,5000,740,80,516,1500,518,450,756,43,0,0,0,0,4074,1
20580,Nekoring,Nekoring,Nekoring,88,150000,0,134,86,1,3000,6000,0,10,1,300,36,300,500,35,10,12,0,2,22,0x91,200,1576,576,420,0,0,0,0,0,0,0,945,5500,919,5500,516,800,2213,1,754,2,912,5,729,2,0,0,0,0,4044,1
20579,Aquaring,Aquaring,Aquaring,88,150000,0,644,407,1,5000,7000,0,40,1,300,31,300,500,85,10,12,1,5,41,0x3095,200,1872,672,288,0,0,0,0,0,0,0,995,13,950,9000,5014,1,2326,10,720,10,951,500,748,30,0,0,0,0,4093,1
20594,Orcring,Orcring,Orcring,88,150000,0,408,160,1,3000,6000,10,5,300,24,48,25,300,500,10,12,1,7,22,0x3885,200,1864,864,288,0,0,0,0,0,0,0,998,210,931,9000,756,40,2267,3,1352,10,1304,5,1301,100,0,0,0,0,4066,1
20595,Pandaring,Pandaring,Pandaring,88,150000,0,529,319,1,3000,6000,5,0,300,25,60,300,500,20,10,12,2,2,60,0x3695,300,1260,192,192,0,0,0,0,0,0,0,912,750,509,800,949,1000,5030,1,948,5000,727,30,757,90,0,0,0,0,4216,1
20601,Spouring,Spouring,Spouring,88,150000,0,59,40,2,3000,6000,5,0,300,14,28,300,500,5,10,12,1,3,22,0x91,200,1048,48,192,0,0,0,0,0,0,0,993,60,1011,25,906,5500,1408,30,508,70,721,5,10015,100,0,0,0,0,4034,1
20585,Demonring,Demonring,Demonring,88,150000,0,2662,1278,1,3000,6000,10,25,300,69,40,300,500,30,10,12,0,6,27,0x2003695,150,980,600,384,0,0,0,0,0,0,0,1038,5335,1039,400,984,2,1458,2,1009,5,912,1500,756,154,0,0,0,0,4122,1

20608,VALAKAS,Fiery Dragon,Fiery Dragon,99,500,1,0,0,0,0,0,160,5,1,1,1,1,999,1,10,12,1,3,21,0x170083,400,1872,672,480,0,0,0,0,0,0,0,0,0,0,0,0,0,0,0,0,0,0,0,0,0,0,0,0,0,969,20
20609,DRAGONDARK,Hollow Dragon,Hollow Dragon,255,50000000,1,31543210,31145200,3,32000,50000,75,0,255,150,255,255,255,150,10,12,2,9,28,0x6283695,10,10,150,384,360,15771600,15771600,59999,10000,0,0,0,0,0,0,0,0,0,0,0,0,0,0,0,0,0,0,0,0,0,0
